   8.5300000e+01
   8.5250000e+01
   8.8450000e+01
   8.3400000e+01
   8.7900000e+01
   8.5500000e+01
   8.8900000e+01
   8.8300000e+01
   8.8700000e+01
   8.8450000e+01
   8.8750000e+01
   8.8250000e+01
   8.7300000e+01
   8.8000000e+01
   8.8700000e+01
   8.5500000e+01
   8.8650000e+01
   8.8750000e+01
   8.5400000e+01
   8.8600000e+01
   8.7000000e+01
   8.7150000e+01
   8.7050000e+01
   8.7250000e+01
   8.6850000e+01
   8.8650000e+01
   8.6600000e+01
   8.6000000e+01
   8.6100000e+01
   8.6500000e+01
   8.6300000e+01
   8.4400000e+01
   8.4700000e+01
   8.4600000e+01
   8.4500000e+01
   8.8100000e+01
   8.5250000e+01
   8.8400000e+01
   8.8200000e+01
   8.8400000e+01
   8.8550000e+01
   8.8350000e+01
   8.8200000e+01
   8.5300000e+01
   8.8500000e+01
   8.8250000e+01
   8.8000000e+01
   8.8850000e+01
   8.8450000e+01
   8.8700000e+01
   8.8100000e+01
   8.7600000e+01
   8.8350000e+01
   8.5100000e+01
   8.5100000e+01
   8.4700000e+01
   8.7200000e+01
   8.6600000e+01
   8.9600000e+01
   8.7100000e+01
